1420
5 99 215 225 278 410 453 518 600 678 705 881 973 1112 1232
141 327 358 562 627 710 788 798 805 896 975 993 1044 1133 1282
0 28 121 303 400 459 513 601 613 667 895 1025 1045 1084 1119
94 181 204 370 400 453 569 627 863 922 1160 1218 1274 1315 1407
0 126 149 170 230 266 295 390 530 690 766 973 1085 1182 1266
65 94 207 339 443 528 613 696 779 921 975 1025 1112 1174 1188
0 18 117 149 153 302 370 389 443 528 601 644 744 794 881
0 167 219 278 469 534 705 859 940 1015 1084 1119 1209 1212 1269
57 142 172 268 359 389 476 607 717 874 930 1015 1027 1093 1378
0 32 91 121 215 256 273 339 518 596 684 795 840 930 936
0 90 117 167 219 389 572 661 804 836 864 995 1137 1174 1209
0 49 92 295 661 712 779 863 897 947 1015 1088 1199 1266 1324
0 153 230 390 428 539 598 667 744 794 947 995 1085 1160 1256
0 28 90 141 310 450 539 598 654 977 1143 1160 1362 1378 1385 
0 110 165 268 302 339 409 489 600 605 684 696 857 1007 1069
